# h omega_b omega_cdm A_s n_s tau_reio dtc_n0 dtc_zt dtc_beta dtc_n_shelf dtc_z_on dtc_z_off
1.113215033584875847e-03 -1.433707691299632591e-06 -1.108831840695805976e-04 -1.761087322424467738e-12 -5.128737661071789100e-05 -8.806902801803620105e-05 1.431076026963553716e-04 4.196209053281512238e-03 4.539874368308413448e-03 -1.334199785722128308e-03 1.460526922286061293e-03 -3.181088557351502422e-02
-1.433707691299632591e-06 1.158090668919447280e-06 -4.956269671520086781e-06 -5.395982897097541904e-14 8.787885298906832621e-07 -5.126731985151659195e-07 -9.014916674989414949e-06 -4.781850265091707976e-05 2.655920291529713655e-04 -5.291637202704934376e-05 -8.805803755722173981e-05 -2.711360280001991110e-05
-1.108831840695805976e-04 -4.956269671520086781e-06 1.435860889003880180e-04 -2.916054361527079164e-13 7.100629525497912070e-05 -1.998734581832910790e-06 5.188968509020016641e-04 2.375007470925312848e-04 -1.280523403382330188e-04 6.705303240881012100e-04 9.203283608265995985e-04 -7.022393520420255322e-04
-1.761087322424467738e-12 -5.395982897097541904e-14 -2.916054361527079164e-13 7.465332100428167658e-20 -1.135176435848238435e-12 6.513173149515523592e-13 -1.312626262384028889e-11 -1.003578805947687426e-11 2.829325020339463831e-11 -8.763742655223255698e-13 -3.077907669052693644e-11 6.822658076489279755e-11
-5.128737661071789100e-05 8.787885298906832621e-07 7.100629525497912070e-05 -1.135176435848238435e-12 8.279779466385375547e-04 1.759244138583631459e-05 -1.050585580078290020e-03 -3.081863249076237615e-04 -2.651184519015655980e-04 7.481372399457403971e-05 1.413214971828069500e-03 7.561407752063160036e-03
-8.806902801803620105e-05 -5.126731985151657077e-07 -1.998734581832910790e-06 6.513173149515523592e-13 1.759244138583631798e-05 3.001876806512986063e-04 -3.575276307331747352e-04 3.664137243731156388e-04 -2.035569291302313040e-04 7.463597616741109771e-05 8.903455820797016732e-04 9.993077676896037001e-03
1.431076026963553716e-04 -9.014916674989414949e-06 5.188968509020016641e-04 -1.312626262384028889e-11 -1.050585580078290020e-03 -3.575276307331747352e-04 2.740254204262349003e-02 -1.602644900368964398e-02 4.729429012014277345e-02 5.313266951790733550e-03 -1.059350398013102212e-02 -5.440271365733805736e-02
4.196209053281512238e-03 -4.781850265091709332e-05 2.375007470925312848e-04 -1.003578805947687426e-11 -3.081863249076239241e-04 3.664137243731156388e-04 -1.602644900368964398e-02 1.689648866010111661e-01 -7.299465909411140263e-02 6.570902081875160290e-03 1.285030651191642892e-01 -3.649942508559616550e-01
4.539874368308413448e-03 2.655920291529714197e-04 -1.280523403382330188e-04 2.829325020339463831e-11 -2.651184519015646764e-04 -2.035569291302313582e-04 4.729429012014277345e-02 -7.299465909411140263e-02 8.054087877227269487e-01 -3.278891475364237307e-02 -2.306810051982964849e-01 -6.036164070675543725e-01
-1.334199785722128308e-03 -5.291637202704934376e-05 6.705303240881012100e-04 -8.763742655223266805e-13 7.481372399457403971e-05 7.463597616741112482e-05 5.313266951790734417e-03 6.570902081875160290e-03 -3.278891475364237307e-02 1.907053095957545255e-02 2.323552289362748602e-02 6.782148596813901247e-03
1.460526922286061293e-03 -8.805803755722173981e-05 9.203283608265995985e-04 -3.077907669052693644e-11 1.413214971828069500e-03 8.903455820797016732e-04 -1.059350398013102212e-02 1.285030651191642892e-01 -2.306810051982965126e-01 2.323552289362748602e-02 2.977950511391190824e-01 -2.741021155973273338e-01
-3.181088557351502422e-02 -2.711360280001991110e-05 -7.022393520420266164e-04 6.822658076489278462e-11 7.561407752063160036e-03 9.993077676896038736e-03 -5.440271365733805736e-02 -3.649942508559616550e-01 -6.036164070675543725e-01 6.782148596813891706e-03 -2.741021155973273338e-01 6.219805957616300951e+00
